0 0.26450511875 0.35714285625 0.3339834234375 0.3094329328125 0.1852754765625 0.1826608515625 0.062164796875 0.26581243125 0.07922964375 0.3448745921875 0.2340321796875 0.32988004375 0.26450511875 0.35714285625
0 0.4229644078125 0.2739912765625 0.4290589953125 0.23446019687500003 0.325451 0.08724100312500001 0.28522671875 0.1104143953125 0.1938079 0.13086150624999998 0.20843490937500003 0.2112868046875 0.28766455468749996 0.21810250781249998 0.342515846875 0.3053435109375 0.4229644078125 0.2739912765625
0 0.44856167812500003 0.2249182125 0.45831301875 0.29307524687500003 0.5021940515625001 0.29989094843749997 0.5253534859375 0.25490730781250004 0.5143832265625 0.0558887671875 0.34861043281250004 0.0572519078125 0.337640175 0.11859323906250001 0.4132130671875 0.15267175625 0.4266211609375 0.2085605234375 0.44856167812500003 0.2249182125
0 0.5326669921875 0.29307524687500003 0.5875182828125001 0.325790621875 0.7008776218749999 0.109051253125 0.5521696734375 0.0368047984375 0.5168210625 0.084514721875 0.568015603125 0.1458560515625 0.5582642609375 0.19629225781249998 0.5326669921875 0.29307524687500003
0 0.6448074109374999 0.38576881093750004 0.8764017562499999 0.27671755781249996 0.8471477328124999 0.20447110156249998 0.760604584375 0.12677208281250002 0.71672355 0.15267175625 0.7313505609375001 0.2276444921875 0.5862993671875001 0.314885496875 0.6448074109374999 0.38576881093750004
0 0.925158459375 0.26990185312500004 0.84836665 0.2848964 0.82886396875 0.3639585609375 0.6643100921875 0.3898582328125 0.686250609375 0.5029989109375 0.9666016562499999 0.4702835328125 0.9434422234375001 0.3844056703125 0.925158459375 0.26990185312500004
0 0.9349098 0.5520719734374999 0.9739151640625 0.5029989109375 0.9044368593750001 0.4661941109375 0.8739639203125 0.47300981562500005 0.8629936624999999 0.4989094859375 0.792296440625 0.47573609531249994 0.77523159375 0.50436205 0.719161384375 0.50163576875 0.7094100437499999 0.5752453640625 0.9336908828125001 0.6597600875 0.9434422234375001 0.580697928125 0.9349098 0.5520719734374999
0 0.7618235 0.8042529984375 0.82886396875 0.802889859375 0.844709896875 0.755179934375 0.9263773765625001 0.7415485281249999 0.9422233046875 0.6829334796875 0.8861530953125 0.6379498359375 0.8117991234374999 0.66521265 0.7886396875 0.6147764453125 0.71672355 0.6147764453125 0.663091175 0.55479825625 0.6058020484375 0.55479825625 0.5850804484375 0.58751363125 0.7618235 0.8042529984375
0 0.7374451484375 0.9119411124999999 0.7532910765625 0.8056161390625001 0.654558753125 0.7756270437499999 0.64358849375 0.7115594328125 0.6021452953125 0.6938386046875 0.58995611875 0.6256815703124999 0.52413456875 0.6243184296875001 0.5399804968749999 0.910577971875 0.5887372015625 0.9214830968750001 0.6155533890625 0.8874045796875001 0.7374451484375 0.9119411124999999
0 0.44246708906250004 0.9732824421874999 0.48634812343749995 0.8846783 0.4266211609375 0.8192475453125001 0.4668454421875 0.75381679375 0.433934665625 0.72655398125 0.47294002968750004 0.677480915625 0.4839102890625 0.64067611875 0.441248171875 0.6011450375 0.2657240375 0.8396946562500001 0.341296928125 0.888767721875 0.44246708906250004 0.9732824421874999
0 0.254753778125 0.82878953125 0.2803510484375 0.7892584515625 0.25231594375 0.7333696828125 0.329107753125 0.6870229 0.325451 0.6515812421875 0.3620185265625 0.6025081796875 0.33032667031249996 0.550708834375 0.1523647 0.6420392578125 0.13895660625 0.7374591046875001 0.1718673828125 0.7388222468750001 0.181618721875 0.8301526718750001 0.254753778125 0.82878953125
0 0.057289128125 0.591603053125 0.042662115625000004 0.7211014171875 0.1377376890625 0.6870229 0.1401755234375 0.6161395859375001 0.221843003125 0.5602508187499999 0.28766455468749996 0.537077425 0.27791321406249997 0.4621046890625 0.0938566546875 0.4852780796875 0.025597270312499996 0.5575245359375 0.057289128125 0.591603053125
0 0.0390053640625 0.422573609375 0.0182837640625 0.5125408953124999 0.0816674796875 0.5166303171875 0.1084836671875 0.4593784078125 0.1462701125 0.4511995625 0.181618721875 0.41984732812500003 0.2437835203125 0.414394765625 0.241345684375 0.3489640140625 0.0548512921875 0.3380588875 0.032910774999999996 0.3680479828125 0.0390053640625 0.422573609375