0 0.73549488125 0.6428571437499999 0.6660165765625 0.6905670671874999 0.8147245234374999 0.8173391484374999 0.9378352031249999 0.73418756875 0.92077035625 0.6551254078125 0.7659678203125 0.67011995625 0.73549488125 0.6428571437499999
0 0.7123354453124999 0.7818974921875 0.657484153125 0.6946564890625 0.5770355921875 0.7260087234375 0.5709410046875 0.765539803125 0.6745490000000001 0.912758996875 0.7147732812500001 0.8895856046875 0.8061921 0.8691384937500001 0.791565090625 0.7887131953125001 0.7123354453124999 0.7818974921875
0 0.662359825 0.8814067609375 0.5867869328124999 0.84732824375 0.5733788390625 0.7914394765625 0.551438321875 0.7750817875 0.54168698125 0.706924753125 0.4978059484375 0.7001090515625 0.4746465140625 0.7450926921875001 0.4856167734375 0.9441112328125 0.6513895671875 0.9427480921875 0.662359825 0.8814067609375
0 0.44173573906249997 0.8037077421875001 0.4673330078125 0.706924753125 0.4124817171875 0.674209378125 0.299122378125 0.8909487468749999 0.4478303265625 0.9631952015625 0.48317893749999996 0.915485278125 0.431984396875 0.8541439484375 0.44173573906249997 0.8037077421875001
0 0.41370063281249997 0.685114503125 0.3551925890625 0.6142311890625 0.12359824374999999 0.7232824421874999 0.1528522671875 0.7955288984375 0.239395415625 0.8732279171874999 0.28327645 0.84732824375 0.2686494390625 0.7723555078125 0.41370063281249997 0.685114503125
0 0.056557776562499995 0.6155943296874999 0.07484154062500001 0.730098146875 0.15163335 0.7151036000000001 0.17113603125000001 0.6360414390625 0.3356899078125 0.6101417671875 0.313749390625 0.49700108906249996 0.03339834375 0.5297164671875 0.056557776562499995 0.6155943296874999
0 0.22476840625 0.49563795 0.280838615625 0.49836423124999996 0.29058995625 0.42475463593749996 0.0663091171875 0.3402399125 0.056557776562499995 0.41930207187499996 0.0650902 0.4479280265625 0.026084835937500002 0.49700108906249996 0.095563140625 0.5338058890624999 0.1260360796875 0.526990184375 0.1370063375 0.5010905140624999 0.20770355937499999 0.5242639046875001 0.22476840625 0.49563795
0 0.1882008765625 0.33478735 0.2113603125 0.38522355468749997 0.28327645 0.38522355468749997 0.33690882499999997 0.44520174375000005 0.3941979515625 0.44520174375000005 0.41491955156250004 0.41248636875000005 0.2381765 0.1957470015625 0.17113603125000001 0.197110140625 0.155290103125 0.244820065625 0.0736226234375 0.258451471875 0.0577766953125 0.3170665203125 0.1138469046875 0.3620501640625 0.1882008765625 0.33478735
0 0.47586543125 0.3756815703125 0.460019503125 0.089422028125 0.4112627984375 0.07851690312500001 0.3844466109375 0.1125954203125 0.26255485156249997 0.0880588875 0.2467089234375 0.19438386093749999 0.345441246875 0.22437295625 0.35641150625 0.2884405671875 0.3978547046875 0.30616139531250003 0.41004388125 0.3743184296875 0.47586543125 0.3756815703125
0 0.5160897109375 0.35932388125000003 0.558751828125 0.3988549625 0.7342759625 0.16030534375 0.658703071875 0.111232278125 0.5575329109375 0.026717557812499997 0.5136518765625 0.1153217 0.5733788390625 0.1807524546875 0.5331545578125 0.24618320625 0.566065334375 0.27344601874999996 0.5270599703125 0.322519084375 0.5160897109375 0.35932388125000003
0 0.6696733296875 0.44929116562500004 0.8476353 0.3579607421875 0.8610433937499999 0.2625408953125 0.8281326171875 0.261177753125 0.818381278125 0.169847328125 0.745246221875 0.17121046875 0.7196489515625 0.2107415484375 0.74768405625 0.2666303171875 0.670892246875 0.3129771 0.6745490000000001 0.3484187578125 0.6379814734375 0.3974918203125 0.6696733296875 0.44929116562500004
0 0.7220867859375 0.5378953109375 0.9061433453125 0.5147219203125 0.9744027296875 0.44247546406250005 0.942710871875 0.40839694687500006 0.957337884375 0.2788985828125 0.8622623109375 0.3129771 0.8598244765624999 0.38386041406250004 0.7781569968750001 0.43974918125 0.7123354453124999 0.462922575 0.7220867859375 0.5378953109375
0 0.7562164796874999 0.585605234375 0.7586543156250001 0.6510359859375 0.9451487078125 0.6619411125 0.9670892249999999 0.6319520171875 0.9609946359375 0.577426390625 0.9817162359375 0.48745910468750003 0.9183325203124999 0.48336968281250003 0.8915163328125001 0.5406215921874999 0.8537298874999999 0.5488004375 0.818381278125 0.580152671875 0.7562164796874999 0.585605234375