1 0.48671875 0.6640625 0.35 0.671875
1 0.19375 0.7015625 0.3578125 0.596875
1 0.67265625 0.7375 0.2859375 0.525
1 0.696875 0.2609375 0.259375 0.4015625
1 0.90234375 0.7390625 0.1671875 0.4390625
1 0.053125 0.83359375 0.10625 0.3328125
1 0.53359375 0.1828125 0.2390625 0.3171875
1 0.17109375 0.159375 0.2296875 0.259375
1 0.87734375 0.353125 0.2359375 0.3703125
1 0.87109375 0.11875 0.1609375 0.1453125
1 0.30625 0.32109375 0.2203125 0.4671875
1 0.36875 0.09765625 0.1421875 0.1484375
1 0.04453125 0.23671875 0.0890625 0.2828125
1 0.0140625 0.48125 0.028125 0.153125