1 0.603125 0.5078125 0.290625 0.1859375
1 0.440625 0.85625 0.1734375 0.1578125
1 0.478125 0.790625 0.11875 0.128125
1 0.49453125 0.75390625 0.0921875 0.0921875
1 0.5078125 0.73125 0.0953125 0.090625
1 0.52734375 0.690625 0.0796875 0.0875
1 0.5484375 0.67734375 0.065625 0.065625
1 0.58046875 0.6703125 0.065625 0.0578125
1 0.59453125 0.6609375 0.065625 0.065625
1 0.60859375 0.6453125 0.05625 0.065625
1 0.6234375 0.6390625 0.0734375 0.0671875
1 0.64921875 0.6328125 0.0671875 0.0625
1 0.675 0.6328125 0.059375 0.053125
1 0.70625 0.640625 0.0640625 0.05
1 0.7265625 0.6296875 0.0421875 0.0484375
1 0.5125 0.96640625 0.0828125 0.0671875
1 0.52265625 0.91796875 0.053125 0.0640625
1 0.3484375 0.26953125 0.0296875 0.0171875