1 0.48125 0.64765625 0.3109375 0.7046875
1 0.18359375 0.68046875 0.3265625 0.6390625
1 0.66640625 0.7234375 0.25625 0.5515625
1 0.71171875 0.22734375 0.2390625 0.3921875
1 0.91015625 0.71796875 0.1640625 0.4328125
1 0.03828125 0.80703125 0.0765625 0.3859375
1 0.55078125 0.15703125 0.2203125 0.278125
1 0.184375 0.12421875 0.2125 0.2109375
1 0.88828125 0.32578125 0.215625 0.3609375
1 0.89609375 0.09609375 0.1484375 0.125
1 0.31328125 0.27421875 0.196875 0.4609375
1 0.38671875 0.06875 0.13125 0.1046875
1 0.0453125 0.17890625 0.090625 0.2796875
1 0.01171875 0.42421875 0.0234375 0.1515625