1 0.09765625 0.07109375 0.1953125 0.1421875
1 0.89375 0.1421875 0.146875 0.2515625
1 0.2609375 0.765625 0.25625 0.18125
1 0.5796875 0.25 0.34375 0.134375
1 0.515625 0.640625 0.328125 0.125
1 0.325 0.13671875 0.3 0.1640625
1 0.6609375 0.10546875 0.290625 0.1546875
1 0.65625 0.9140625 0.2125 0.16875
1 0.8265625 0.2984375 0.2046875 0.284375
1 0.371875 0.871875 0.35625 0.11875
1 0.91328125 0.45 0.1734375 0.134375
1 0.3921875 0.3265625 0.2390625 0.215625
1 0.89765625 0.684375 0.2046875 0.1171875
1 0.7796875 0.85625 0.165625 0.2828125
1 0.82890625 0.6109375 0.2984375 0.103125
1 0.609375 0.4046875 0.215625 0.2203125
1 0.103125 0.259375 0.20625 0.171875
1 0.34296875 0.5546875 0.2703125 0.2234375
1 0.71484375 0.49296875 0.2953125 0.1734375
1 0.56328125 0.7796875 0.2953125 0.175
1 0.0875 0.890625 0.175 0.1421875
1 0.1671875 0.45 0.13125 0.2984375
1 0.2984375 0.3890625 0.153125 0.275