1 0.81484375 0.3859375 0.1125 0.0890625
1 0.7515625 0.225 0.496875 0.3703125
1 0.1046875 0.115625 0.1203125 0.1
1 0.10546875 0.2015625 0.10625 0.0890625
1 0.1734375 0.228125 0.115625 0.1171875
1 0.196875 0.27578125 0.128125 0.103125
1 0.23125 0.3265625 0.1015625 0.1546875
1 0.275 0.3765625 0.075 0.1859375
1 0.51875 0.4421875 0.1109375 0.1203125
1 0.62890625 0.425 0.1515625 0.1625
1 0.7015625 0.41640625 0.1140625 0.128125
1 0.59453125 0.10390625 0.1484375 0.1203125
1 0.7046875 0.1546875 0.175 0.1328125
1 0.7765625 0.203125 0.121875 0.1265625
1 0.859375 0.2515625 0.1734375 0.14375
1 0.91875 0.3234375 0.1625 0.16875
1 0.359375 0.41171875 0.0546875 0.1609375