1 0.6 0.4796875 0.2453125 0.134375
1 0.490625 0.809375 0.140625 0.121875
1 0.5171875 0.746875 0.09375 0.1015625
1 0.528125 0.71171875 0.071875 0.0734375
1 0.5375 0.68984375 0.075 0.0703125
1 0.5515625 0.65078125 0.0625 0.0703125
1 0.56875 0.63671875 0.0515625 0.0515625
1 0.59609375 0.6265625 0.0546875 0.04375
1 0.6078125 0.61640625 0.053125 0.0515625
1 0.61875 0.6015625 0.04375 0.053125
1 0.63125 0.59375 0.059375 0.053125
1 0.65390625 0.58515625 0.0546875 0.0484375
1 0.67578125 0.58125 0.0484375 0.0421875
1 0.7046875 0.584375 0.053125 0.0375
1 0.72109375 0.57265625 0.0328125 0.0390625
1 0.5671875 0.90703125 0.0671875 0.0703125
1 0.56875 0.85390625 0.0421875 0.0515625
1 0.0234375 0.4078125 0.04375 0.03125
1 0.021875 0.4484375 0.0375 0.0453125
1 0.021875 0.49296875 0.040625 0.0265625
1 0.01875 0.5296875 0.03125 0.034375
1 0.35 0.2984375 0.025 0.0125