1 0.67578125 0.4328125 0.278125 0.1609375
1 0.56796875 0.8046875 0.1625 0.1421875
1 0.5953125 0.73359375 0.1078125 0.11875
1 0.60625 0.69453125 0.0828125 0.084375
1 0.615625 0.66953125 0.0875 0.0828125
1 0.62890625 0.62578125 0.071875 0.08125
1 0.646875 0.609375 0.059375 0.059375
1 0.67734375 0.59609375 0.0625 0.05
1 0.68984375 0.584375 0.0609375 0.059375
1 0.7015625 0.5671875 0.053125 0.059375
1 0.71484375 0.5578125 0.06875 0.0609375
1 0.73984375 0.546875 0.0625 0.05625
1 0.7640625 0.5421875 0.0546875 0.05
1 0.79609375 0.54375 0.0609375 0.04375
1 0.8140625 0.53046875 0.0390625 0.0453125
1 0.65859375 0.909375 0.0765625 0.08125
1 0.6578125 0.85078125 0.0484375 0.0578125
1 0.0359375 0.3828125 0.0421875 0.0359375
1 0.03359375 0.428125 0.034375 0.05
1 0.03671875 0.47734375 0.0359375 0.03125
1 0.034375 0.5171875 0.0265625 0.0390625
1 0.38984375 0.24453125 0.028125 0.015625