1 0.81640625 0.3765625 0.115625 0.090625
1 0.7546875 0.2171875 0.490625 0.3796875
1 0.128125 0.0890625 0.1234375 0.1015625
1 0.12265625 0.17421875 0.109375 0.090625
1 0.18828125 0.2015625 0.121875 0.1203125
1 0.209375 0.25 0.13125 0.10625
1 0.2390625 0.3015625 0.10625 0.15625
1 0.2796875 0.3515625 0.084375 0.1859375
1 0.51796875 0.42421875 0.1171875 0.1203125
1 0.6296875 0.41015625 0.1578125 0.165625
1 0.7015625 0.40390625 0.1203125 0.128125
1 0.61484375 0.090625 0.153125 0.121875
1 0.721875 0.14453125 0.1796875 0.1359375
1 0.790625 0.19375 0.1265625 0.1296875
1 0.86875 0.24453125 0.1765625 0.1453125
1 0.91796875 0.31796875 0.1546875 0.1703125
1 0.36171875 0.3890625 0.0609375 0.159375