1 0.565625 0.4578125 0.2703125 0.1578125
1 0.44453125 0.8203125 0.1578125 0.1390625
1 0.4734375 0.75078125 0.10625 0.115625
1 0.48515625 0.71328125 0.0796875 0.084375
1 0.49609375 0.6890625 0.084375 0.0796875
1 0.5109375 0.6453125 0.06875 0.0796875
1 0.5296875 0.6296875 0.059375 0.0578125
1 0.559375 0.61640625 0.0625 0.0484375
1 0.571875 0.60546875 0.0609375 0.0578125
1 0.584375 0.58828125 0.0515625 0.059375
1 0.59765625 0.5796875 0.0671875 0.059375
1 0.621875 0.56953125 0.0625 0.0546875
1 0.64609375 0.5640625 0.0546875 0.046875
1 0.6765625 0.565625 0.059375 0.04375
1 0.6953125 0.5515625 0.0375 0.04375
1 0.5265625 0.92109375 0.075 0.0796875
1 0.5296875 0.8640625 0.046875 0.0578125
1 0.2953125 0.27578125 0.028125 0.015625