1 0.5765625 0.6484375 0.4171875 0.6765625
1 0.3203125 0.71171875 0.4203125 0.5765625
1 0.75703125 0.678125 0.3359375 0.5234375
1 0.6828125 0.21953125 0.290625 0.3796875
1 0.92890625 0.621875 0.1421875 0.4140625
1 0.1859375 0.846875 0.2125 0.30625
1 0.51640625 0.1640625 0.2703125 0.31875
1 0.1828125 0.19296875 0.25 0.28125
1 0.865625 0.2734375 0.26875 0.3546875
1 0.80703125 0.06953125 0.1765625 0.121875
1 0.33984375 0.3359375 0.2640625 0.434375
1 0.35 0.1046875 0.15625 0.1734375
1 0.0796875 0.31015625 0.1390625 0.2796875
1 0.07890625 0.53515625 0.1046875 0.1546875