1 0.834375 0.37109375 0.1140625 0.0859375
1 0.75625 0.21484375 0.4875 0.35
1 0.115625 0.1265625 0.11875 0.0953125
1 0.121875 0.21328125 0.10625 0.084375
1 0.190625 0.2359375 0.115625 0.1140625
1 0.21640625 0.2828125 0.128125 0.0984375
1 0.253125 0.33203125 0.0984375 0.1515625
1 0.29921875 0.38125 0.0734375 0.184375
1 0.54453125 0.4375 0.109375 0.115625
1 0.65390625 0.41640625 0.15 0.1578125
1 0.7234375 0.40546875 0.1140625 0.1234375
1 0.5984375 0.0984375 0.146875 0.1140625
1 0.7109375 0.14453125 0.175 0.1265625
1 0.78515625 0.190625 0.121875 0.121875
1 0.86953125 0.23515625 0.171875 0.1375
1 0.9265625 0.30625 0.146875 0.1609375
1 0.38671875 0.4125 0.053125 0.1578125